906
105
941
286
341
613
904
477
398
315
59
932
949
485
463
877
734
909
962
528
620
757
375
805
686
773
478
319
838
447
978
442
158
346
56
243
515
944
967
83
616
410
804
805
159
414
791
116
786
635
361
888
290
745
663
166
938
777
391
400
201
79
461
427
268
724
822
29
825
311
607
653
922
72
421
516
211
925
972
471
155
495
150
28
898
278
175
916
453
85
963
815
936
496
758
691
618
219
721
768
878
987
37
139
995
976
492
167
75
717
671
749
728
221
300
377
207
66
697
919
426
44
917
859
779
254
297
719
348
701
21
488
980
823
597
214
676
264
807
784
245
231
288
134
585
563
109
780
266
541
928
776
841
416
622
566
129
732
143
948
954
769
713
658
571
235
579
146
334
178
864
55
27
240
599
598
25
573
432
296
803
289
657
202
173
98
294
430
101
77
612
50
154
665
519
863
65
87
206
677
736
222
374
703
921
655
476
327
78
854
595
487
765
68
762
720
237
836
99
852
360
49
891
187
707
80
71
233
405
892
983
556
993
96
396
242
259
435
857
228
203
520
894
490
872
843
438
819
605
157
532
818
307
920
887
119
875
624
885
905
970
746
833
255
666
606
733
600
1
302
659
20
947
389
934
678
924
190
908
445
604
759
2
537
378
812
413
700
312
180
839
141
709
357
546
596
564
998
386
555
169
89
513
552
694
708
951
530
670
681
741
979
381
797
467
103
509
399
325
310
866
33
196
937
521
183
775
683
956
32
23
51
295
514
609
942
486
108
140
177
512
536
844
935
742
896
715
314
950
727
39
301
760
813
165
912
475
224
858
188
406
84
309
572
217
755
388
662
102
216
867
124
871
929
557
847
45
279
480
3
851
918
821
133
349
446
945
990
52
197
726
38
171
185
451
332
142
275
958
737
422
835
452
522
367
890
62
639
535
699
793
412
692
886
527
57
626
176
383
234
580
931
112
328
479
744
263
330
218
22
549
229
460
345
7
465
280
494
54
955
113
343
880
826
870
199
244
249
766
510
230
845
443
738
698
305
730
649
450
524
316
787
149
989
260
578
693
712
518
205
814
147
15
111
551
575
339
250
682
926
561
247
895
162
641
560
322
372
590
899
0
688
362
570
63
267
215
94
204
840
505
503
806
14
313
385
46
251
376
538
827
73
558
969
586
680
223
638
923
60
743
120
660
902
790
482
517
705
547
850
650
76
470
788
673
884
368
100
253
754
483
508
17
982
625
722
208
236
274
965
123
148
966
434
402
35
761
834
740
407
643
424
837
543
106
161
782
5
507
687
781
627
723
473
893
458
661
122
718
973
287
553
802
849
540
36
690
31
423
860
504
30
48
353
351
168
69
97
363
526
462
603
633
11
957
829
210
817
642
6
449
484
550
985
861
306
209
611
511
640
53
587
107
634
317
565
380
961
136
293
646
232
61
436
809
971
497
238
252
832
592
126
114
907
785
562
350
131
16
370
664
897
164
4
151
213
751
994
617
748
26
684
337
848
257
415
326
583
395
329
811
356
12
542
647
433
500
559
820
91
652
246
881
975
303
409
824
614
999
382
469
783
903
397
474
544
953
9
997
879
411
384
789
621
371
702
869
331
335
227
431
269
472
419
974
130
138
186
88
125
418
589
8
153
174
355
117
545
110
554
619
135
968
67
86
502
170
981
582
667
403
455
248
992
862
323
172
468
801
333
800
282
668
610
365
47
457
964
533
448
991
347
104
506
711
716
656
675
725
437
181
873
64
729
933
674
714
43
417
19
794
265
915
364
654
868
799
882
425
644
636
137
752
855
163
591
344
988
292
913
373
631
632
284
10
291
588
454
901
489
152
984
651
946
731
795
883
615
144
225
977
810
792
464
404
767
584
41
392
529
778
828
239
772
440
739
696
271
900
630
276
764
42
262
241
308
441
645
574
689
189
637
34
960
842
444
831
569
601
525
830
318
256
93
428
191
623
340
272
939
498
548
865
577
74
198
226
846
121
200
523
298
439
193
593
608
753
369
796
914
394
816
466
481
220
118
359
669
876
710
299
184
763
277
283
182
393
115
774
258
352
408
750
679
429
270
568
856
324
747
212
911
401
581
387
24
358
798
379
959
338
18
285
853
808
304
576
390
192
672
567
735
986
81
685
132
594
145
534
930
695
128
366
629
179
874
491
770
706
493
342
156
336
320
927
40
420
499
160
70
261
628
771
13
195
459
281
90
602
127
321
648
58
889
273
194
501
952
910
456
704
996
92
943
539
756
940
82
531
95
